https://www.random.org/integers/?num=100&min=49152&max=65535&col=5&base=10&format=html&rnd=new

58637 # c3po
58586
55838
50812
56131
63503
64032
59642
50065
52487
57076
51091
51437
59669
53256
56117
61429
49427
50576
49904
50902
56710
51532
58614
61460
53514
58821
61087
53942
53051
59762
50254
60519
58648
55623
59026
55443
51473
58267
52736
61993
49836
55275
62278
58943
55953
59161
61800
63452
59465
54380
60838
59333
52389
58167
64791
52451
52611
59989
55335
50213
63902
61230
54446
57700
63808
56523
59922
53698
53955
52207
55759
57179
52318
49983
60665
56794
50667
49196
61961
61828
51953
51992
58450
64796
61367
54444
56652
58070
50351
53381
59492
61691
59089
53750
60051
52426
64827
50588
55616
